1 3
1 15
1 20
1 21
1 22
1 26
1 31
1 8
3 1
3 6
3 15
3 20
3 21
3 22
3 26
3 8
3 12
6 3
6 10
6 11
6 15
6 20
6 21
6 22
6 26
6 31
10 3
10 6
10 11
10 15
10 20
10 21
10 22
10 26
10 31
10 8
10 12
11 6
11 10
11 15
11 20
11 21
11 22
11 26
11 31
11 8
11 12
11 29
15 1
15 3
15 6
15 10
15 11
15 20
15 21
15 22
15 26
15 8
15 12
20 3
20 6
20 10
20 11
20 15
20 21
20 22
20 26
20 29
21 3
21 6
21 10
21 11
21 15
21 20
21 22
21 26
21 31
21 8
22 3
22 6
22 10
22 20
22 26
22 31
22 8
22 12
26 1
26 3
26 6
26 10
26 11
26 15
26 20
26 21
26 22
26 8
26 12
26 29
31 3
31 6
31 10
31 11
31 21
31 22
8 3
8 11
8 15
8 20
8 21
8 26
8 29
12 3
12 10
12 11
12 15
12 22
12 26
12 8
12 29
29 3
29 11
29 15
